t0 = 2.330; PRFsigma = 0.148; % Slice_960 nm 2017-06-13
t0 = 2.5195; PRFsigma = 0.1455; % Slice_920 nm 2017-06-13
